					F	SPD	D	Y	X						FOD	SB4	SB3	SB2	SB1	AC	SPM	SP	VIM	VI	HPM	HP	CH	IN	AG	ST	LVL
-------------------------------------------------------------------------------------------------------------------------------
0	0	255	11	0	3	235	2	255	255	0	0	255	0	0	199	0	0	0	128	5	6	6	31	31	35	35	13	13	17	35	1
0	0	255	24	0	3	212	2	255	255	0	0	255	0	0	195	0	0	0	128	5	7	7	34	34	53	53	15	15	18	41	2
0	0	255	40	0	3	214	2	255	255	0	0	255	0	0	193	0	0	0	128	5	8	8	42	42	63	63	17	17	21	43	3
0	0	255	50	0	3	204	2	255	255	0	0	255	0	0	193	0	0	0	128	5	13	13	44	44	82	82	18	18	27	45	4
0	0	255	53	0	3	196	2	255	255	0	0	255	0	0	193	0	0	0	128	5	14	14	51	51	98	98	19	20	30	51	5
0	0	255	60	0	3	165	2	255	255	0	0	255	0	0	193	0	0	0	128	5	16	16	52	52	121	121	20	24	35	59	6
0	0	255	65	0	3	162	2	255	255	0	0	255	0	0	190	0	0	0	128	5	16	16	60	60	137	137	22	25	41	60	7
0	0	255	70	0	3	144	2	255	255	0	0	255	0	0	189	0	0	0	128	5	22	22	64	64	152	152	23	28	42	63	8
0	0	255	65	0	3	148	2	255	255	0	0	255	0	0	189	0	0	0	128	5	24	24	72	72	162	162	25	32	47	71	9
0	0	255	65	0	3	129	2	255	255	0	0	255	0	0	188	0	0	0	128	5	26	26	76	76	174	174	27	36	53	73	10
0	0	255	70	0	3	132	2	255	255	0	0	255	0	0	187	0	0	0	128	5	27	27	82	82	188	188	28	38	57	75	11
0	0	255	120	0	3	131	2	255	255	0	0	255	0	0	187	0	0	0	128	5	31	31	86	86	212	212	29	39	58	82	12